1	0.043536	0.053064
2	0.029844	0.038668
3	0.023812	0.029922
4	0.019168	0.024452
5	0.016240	0.022764
6	0.014112	0.018144
7	0.012344	0.018255
8	0.011324	0.012268
9	0.010372	0.015167
10	0.009352	0.013501
11	0.007964	0.011216
12	0.007492	0.011748
13	0.007476	0.010471
14	0.006216	0.008861
15	0.006560	0.013023
16	0.006124	0.009521
17	0.005836	0.008355
18	0.005196	0.008035
19	0.005348	0.006687
20	0.005148	0.010169
21	0.004380	0.006907
22	0.004572	0.007117
23	0.004288	0.007489
24	0.004424	0.007173
25	0.003920	0.007260
26	0.003640	0.002886
27	0.004052	0.007104
28	0.003296	0.004816
29	0.003592	0.007285
30	0.003088	0.005832
31	0.003200	0.006349
32	0.003080	0.003369
33	0.003472	0.006194
34	0.003544	0.005991
35	0.002936	0.005999
36	0.002428	0.003047
37	0.003084	0.004534
38	0.003204	0.005620
39	0.002432	0.004854
40	0.002404	0.004043
41	0.002252	0.005278
42	0.002376	0.002382
43	0.002184	0.002147
44	0.002044	0.006142
45	0.001948	0.002828
46	0.002388	0.002559
47	0.002148	0.005057
48	0.001620	0.003387
