1	0.048100	0.072609
2	0.033500	0.069744
3	0.016700	0.034634
4	0.018200	0.036382
5	0.012300	0.032915
6	0.012700	0.027618
7	0.012800	0.037633
8	0.011000	0.015133
9	0.005300	0.030002
10	0.005400	0.016071
11	0.008500	0.020479
12	0.007500	0.025033
13	0.006100	0.013055
14	0.007700	0.012082
15	0.006300	0.015092
16	0.003800	0.016624
17	0.005200	0.016345
18	0.003200	0.013254
19	0.001100	0.008868
20	0.005400	0.022734
21	0.004400	0.006784
22	0.006200	0.002570
23	0.005600	0.007290
24	0.004400	0.021925
25	0.001600	0.004049
26	0.004200	0.010602
27	0.004200	0.010936
28	0.004700	0.006364
29	0.003200	0.013282
30	0.002800	0.007249
31	0.002300	0.005493
32	0.004400	0.010351
33	0.003300	0.004901
34	0.000600	0.000763
35	0.002300	0.016552
36	0.001900	0.012303
37	0.003200	0.008632
38	0.003500	0.010145
39	0.003300	0.008547
40	0.001900	0.006224
41	0.004500	0.001780
42	0.002000	0.009038
43	0.002000	0.005870
44	0.001600	0.006761
45	0.000800	0.012844
46	0.000800	0.016097
47	0.003600	0.006425
48	0.001200	0.011502
