1	0.044843	0.053913
2	0.030849	0.036449
3	0.023135	0.028019
4	0.019124	0.023448
5	0.016360	0.018936
6	0.014082	0.018502
7	0.012573	0.014419
8	0.011787	0.014445
9	0.010084	0.013672
10	0.009023	0.011158
11	0.008477	0.011040
12	0.008017	0.011255
13	0.007115	0.009302
14	0.006661	0.009336
15	0.006594	0.007933
16	0.006278	0.007447
17	0.005975	0.009495
18	0.005550	0.006890
19	0.005447	0.006416
20	0.005111	0.007995
21	0.004949	0.007215
22	0.004453	0.005907
23	0.004319	0.006796
24	0.004096	0.004635
25	0.004139	0.006358
26	0.004099	0.005700
27	0.003885	0.006138
28	0.003631	0.005562
29	0.003287	0.003993
30	0.003466	0.004513
31	0.003342	0.005883
32	0.003100	0.003838
33	0.003305	0.005364
34	0.002924	0.003532
35	0.002841	0.004695
36	0.002831	0.003998
37	0.002864	0.004031
38	0.002510	0.003775
39	0.002476	0.003924
40	0.002331	0.003625
41	0.002300	0.003941
42	0.002443	0.003432
43	0.002352	0.003245
44	0.002238	0.003373
45	0.002173	0.003210
46	0.002256	0.003324
47	0.001985	0.003346
48	0.001999	0.002271
