1	0.042870	0.052178
2	0.030490	0.043874
3	0.022390	0.029254
4	0.017600	0.026778
5	0.015330	0.024482
6	0.013310	0.014175
7	0.013670	0.023659
8	0.010340	0.014890
9	0.009490	0.013241
10	0.008770	0.018513
11	0.009060	0.012558
12	0.007760	0.012363
13	0.008080	0.010962
14	0.006070	0.011888
15	0.007910	0.015554
16	0.006530	0.009290
17	0.005740	0.011899
18	0.005920	0.006706
19	0.005710	0.009093
20	0.004200	0.009527
21	0.003950	0.009476
22	0.004400	0.008075
23	0.004370	0.008713
24	0.004710	0.009119
25	0.003590	0.008142
26	0.004080	0.004890
27	0.003300	0.007023
28	0.003280	0.005559
29	0.003940	0.006702
30	0.003550	0.008953
31	0.002880	0.003711
32	0.003880	0.011032
33	0.002910	0.002723
34	0.003260	0.004001
35	0.002820	0.005702
36	0.003310	0.009114
37	0.002530	0.002913
38	0.002620	0.005254
39	0.002190	0.005867
40	0.002380	0.004925
41	0.002730	0.002895
42	0.002380	0.006178
43	0.002140	0.003190
44	0.001840	0.006818
45	0.002530	0.004409
46	0.001520	0.003110
47	0.001980	0.002806
48	0.002180	0.005212
