0	3	0.011188
0	4	0.107772
0	5	0.261032
0	6	0.294372
0	7	0.197656
0	8	0.089760
0	9	0.029068
0	10	0.007420
0	11	0.001480
0	12	0.000216
0	13	0.000028
0	14	0.000008

1	3	0.001068
1	4	0.058352
1	5	0.274424
1	6	0.372300
1	7	0.215264
1	8	0.065404
1	9	0.011808
1	10	0.001288
1	11	0.000092

2	3	0.000120
2	4	0.038080
2	5	0.269824
2	6	0.415836
2	7	0.219644
2	8	0.050456
2	9	0.005696
2	10	0.000320
2	11	0.000024

3	3	0.000032
3	4	0.026596
3	5	0.264404
3	6	0.445680
3	7	0.219364
3	8	0.040864
3	9	0.002980
3	10	0.000076
3	11	0.000004

4	4	0.019764
4	5	0.257716
4	6	0.469492
4	7	0.217868
4	8	0.033476
4	9	0.001648
4	10	0.000036

5	4	0.015528
5	5	0.251024
5	6	0.488660
5	7	0.215960
5	8	0.027760
5	9	0.001048
5	10	0.000020

6	4	0.012532
6	5	0.244992
6	6	0.504900
6	7	0.213200
6	8	0.023696
6	9	0.000668
6	10	0.000012

7	4	0.010108
7	5	0.239472
7	6	0.519012
7	7	0.211016
7	8	0.019936
7	9	0.000448
7	10	0.000008

8	3	0.000004
8	4	0.008356
8	5	0.234432
8	6	0.531356
8	7	0.208268
8	8	0.017288
8	9	0.000296

9	3	0.000004
9	4	0.006968
9	5	0.229612
9	6	0.542680
9	7	0.205516
9	8	0.015036
9	9	0.000184

10	4	0.005868
10	5	0.225188
10	6	0.553052
10	7	0.202440
10	8	0.013308
10	9	0.000144

11	4	0.005012
11	5	0.221068
11	6	0.562404
11	7	0.199484
11	8	0.011936
11	9	0.000096

12	4	0.004360
12	5	0.217368
12	6	0.570368
12	7	0.197232
12	8	0.010616
12	9	0.000056

13	4	0.003776
13	5	0.213868
13	6	0.577860
13	7	0.195056
13	8	0.009408
13	9	0.000032

14	4	0.003348
14	5	0.210240
14	6	0.585336
14	7	0.192700
14	8	0.008352
14	9	0.000024

15	4	0.002980
15	5	0.207288
15	6	0.591552
15	7	0.190596
15	8	0.007564
15	9	0.000020

16	4	0.002628
16	5	0.204180
16	6	0.598112
16	7	0.188220
16	8	0.006844
16	9	0.000016

17	4	0.002388
17	5	0.201160
17	6	0.604236
17	7	0.185980
17	8	0.006232
17	9	0.000004

18	4	0.002196
18	5	0.198248
18	6	0.610072
18	7	0.183816
18	8	0.005660
18	9	0.000008

19	4	0.002024
19	5	0.195700
19	6	0.615268
19	7	0.181760
19	8	0.005244
19	9	0.000004

20	4	0.001844
20	5	0.193104
20	6	0.620616
20	7	0.179572
20	8	0.004860
20	9	0.000004

21	4	0.001712
21	5	0.190492
21	6	0.625764
21	7	0.177636
21	8	0.004396

22	4	0.001568
22	5	0.188336
22	6	0.630144
22	7	0.175912
22	8	0.004040

23	4	0.001480
23	5	0.186000
23	6	0.634716
23	7	0.174128
23	8	0.003676

24	4	0.001352
24	5	0.183928
24	6	0.639004
24	7	0.172284
24	8	0.003432

25	4	0.001252
25	5	0.181720
25	6	0.643428
25	7	0.170460
25	8	0.003140

26	4	0.001156
26	5	0.179784
26	6	0.647348
26	7	0.168812
26	8	0.002900

27	4	0.001088
27	5	0.177960
27	6	0.650988
27	7	0.167280
27	8	0.002684

28	4	0.001012
28	5	0.175944
28	6	0.655040
28	7	0.165524
28	8	0.002480

29	4	0.000948
29	5	0.174288
29	6	0.658336
29	7	0.164156
29	8	0.002272

30	4	0.000904
30	5	0.172452
30	6	0.661928
30	7	0.162664
30	8	0.002052

31	4	0.000872
31	5	0.170876
31	6	0.665016
31	7	0.161348
31	8	0.001888

32	4	0.000820
32	5	0.169312
32	6	0.668216
32	7	0.159848
32	8	0.001804

33	4	0.000784
33	5	0.167748
33	6	0.671296
33	7	0.158524
33	8	0.001648

34	4	0.000752
34	5	0.166000
34	6	0.674768
34	7	0.156956
34	8	0.001524

35	4	0.000708
35	5	0.164252
35	6	0.678312
35	7	0.155292
35	8	0.001436

36	4	0.000692
36	5	0.162764
36	6	0.681248
36	7	0.153948
36	8	0.001348

37	4	0.000652
37	5	0.161560
37	6	0.683676
37	7	0.152864
37	8	0.001248

38	4	0.000640
38	5	0.160008
38	6	0.686760
38	7	0.151404
38	8	0.001188

39	4	0.000628
39	5	0.158400
39	6	0.689964
39	7	0.149868
39	8	0.001140

40	4	0.000620
40	5	0.157168
40	6	0.692396
40	7	0.148732
40	8	0.001084

41	4	0.000620
41	5	0.155940
41	6	0.694800
41	7	0.147608
41	8	0.001032

42	4	0.000596
42	5	0.154808
42	6	0.697052
42	7	0.146596
42	8	0.000948

43	4	0.000556
43	5	0.153656
43	6	0.699428
43	7	0.145460
43	8	0.000900

44	4	0.000532
44	5	0.152576
44	6	0.701612
44	7	0.144428
44	8	0.000852

45	4	0.000528
45	5	0.151532
45	6	0.703656
45	7	0.143488
45	8	0.000796

46	4	0.000512
46	5	0.150548
46	6	0.705604
46	7	0.142608
46	8	0.000728

47	4	0.000504
47	5	0.149356
47	6	0.707992
47	7	0.141440
47	8	0.000708

48	4	0.000496
48	5	0.148280
48	6	0.710140
48	7	0.140404
48	8	0.000680

49	4	0.000488
49	5	0.147468
49	6	0.711760
49	7	0.139636
49	8	0.000648

