0	3	0.011600
0	4	0.109990
0	5	0.258200
0	6	0.294790
0	7	0.198020
0	8	0.089240
0	9	0.029290
0	10	0.007400
0	11	0.001240
0	12	0.000190
0	13	0.000030
0	15	0.000010

1	3	0.001000
1	4	0.060470
1	5	0.273430
1	6	0.372560
1	7	0.213900
1	8	0.065550
1	9	0.011750
1	10	0.001240
1	11	0.000100

2	3	0.000140
2	4	0.038850
2	5	0.270970
2	6	0.415430
2	7	0.218470
2	8	0.049910
2	9	0.005870
2	10	0.000350
2	11	0.000010

3	3	0.000070
3	4	0.027260
3	5	0.265480
3	6	0.445920
3	7	0.217740
3	8	0.040030
3	9	0.003350
3	10	0.000150

4	3	0.000050
4	4	0.020480
4	5	0.259370
4	6	0.468310
4	7	0.216940
4	8	0.032870
4	9	0.001940
4	10	0.000040

5	3	0.000010
5	4	0.016310
5	5	0.253420
5	6	0.485910
5	7	0.215740
5	8	0.027350
5	9	0.001240
5	10	0.000020

6	3	0.000010
6	4	0.013450
6	5	0.247320
6	6	0.501240
6	7	0.214340
6	8	0.022870
6	9	0.000760
6	10	0.000010

7	3	0.000010
7	4	0.011270
7	5	0.242110
7	6	0.514550
7	7	0.211720
7	8	0.019910
7	9	0.000430

8	4	0.009130
8	5	0.237110
8	6	0.528220
8	7	0.207890
8	8	0.017340
8	9	0.000310

9	4	0.007840
9	5	0.232870
9	6	0.538560
9	7	0.204960
9	8	0.015570
9	9	0.000200

10	4	0.006790
10	5	0.228830
10	6	0.548050
10	7	0.202270
10	8	0.013890
10	9	0.000170

11	4	0.005960
11	5	0.224930
11	6	0.556820
11	7	0.199700
11	8	0.012490
11	9	0.000100

12	4	0.005110
12	5	0.220890
12	6	0.565880
12	7	0.197060
12	8	0.010990
12	9	0.000070

13	4	0.004480
13	5	0.217250
13	6	0.573640
13	7	0.194960
13	8	0.009620
13	9	0.000050

14	4	0.003990
14	5	0.213420
14	6	0.581720
14	7	0.192230
14	8	0.008610
14	9	0.000030

15	4	0.003640
15	5	0.210420
15	6	0.587790
15	7	0.190520
15	8	0.007600
15	9	0.000030

16	4	0.003390
16	5	0.206510
16	6	0.595700
16	7	0.187430
16	8	0.006940
16	9	0.000030

17	4	0.003170
17	5	0.203230
17	6	0.602230
17	7	0.185090
17	8	0.006260
17	9	0.000020

18	4	0.002920
18	5	0.200420
18	6	0.607970
18	7	0.183050
18	8	0.005630
18	9	0.000010

19	4	0.002610
19	5	0.197640
19	6	0.613890
19	7	0.180780
19	8	0.005070
19	9	0.000010

20	4	0.002450
20	5	0.194720
20	6	0.619600
20	7	0.178780
20	8	0.004440
20	9	0.000010

21	4	0.002290
21	5	0.192670
21	6	0.623800
21	7	0.177200
21	8	0.004030
21	9	0.000010

22	4	0.002040
22	5	0.190880
22	6	0.627750
22	7	0.175630
22	8	0.003700

23	4	0.001870
23	5	0.188790
23	6	0.632150
23	7	0.173780
23	8	0.003410

24	4	0.001830
24	5	0.186510
24	6	0.636520
24	7	0.172060
24	8	0.003080

25	4	0.001730
25	5	0.184180
25	6	0.641230
25	7	0.170050
25	8	0.002810

26	4	0.001650
26	5	0.182370
26	6	0.644820
26	7	0.168600
26	8	0.002560

27	4	0.001570
27	5	0.180350
27	6	0.648900
27	7	0.166810
27	8	0.002370

28	4	0.001490
28	5	0.178760
28	6	0.652200
28	7	0.165300
28	8	0.002250

29	4	0.001380
29	5	0.177200
29	6	0.655480
29	7	0.163860
29	8	0.002080

30	4	0.001370
30	5	0.175190
30	6	0.659420
30	7	0.162050
30	8	0.001970

31	4	0.001310
31	5	0.173480
31	6	0.662970
31	7	0.160340
31	8	0.001900

32	4	0.001270
32	5	0.172020
32	6	0.665850
32	7	0.159100
32	8	0.001760

33	4	0.001230
33	5	0.170060
33	6	0.669730
33	7	0.157380
33	8	0.001600

34	4	0.001190
34	5	0.168620
34	6	0.672640
34	7	0.156040
34	8	0.001510

35	4	0.001150
35	5	0.167010
35	6	0.675900
35	7	0.154510
35	8	0.001430

36	4	0.001130
36	5	0.165610
36	6	0.678720
36	7	0.153150
36	8	0.001390

37	4	0.001100
37	5	0.163940
37	6	0.682030
37	7	0.151660
37	8	0.001270

38	4	0.001060
38	5	0.162700
38	6	0.684560
38	7	0.150480
38	8	0.001200

39	4	0.001030
39	5	0.161420
39	6	0.687180
39	7	0.149210
39	8	0.001160

40	4	0.001010
40	5	0.160320
40	6	0.689370
40	7	0.148210
40	8	0.001090

41	4	0.001000
41	5	0.159120
41	6	0.691750
41	7	0.147090
41	8	0.001040

42	4	0.000970
42	5	0.157760
42	6	0.694480
42	7	0.145830
42	8	0.000960

43	4	0.000960
43	5	0.156550
43	6	0.696860
43	7	0.144740
43	8	0.000890

44	4	0.000930
44	5	0.155470
44	6	0.699000
44	7	0.143820
44	8	0.000780

45	4	0.000930
45	5	0.154520
45	6	0.700840
45	7	0.143000
45	8	0.000710

46	4	0.000940
46	5	0.153210
46	6	0.703370
46	7	0.141830
46	8	0.000650

47	4	0.000900
47	5	0.152510
47	6	0.704890
47	7	0.141050
47	8	0.000650

48	4	0.000860
48	5	0.151530
48	6	0.706870
48	7	0.140180
48	8	0.000560

49	4	0.000840
49	5	0.150470
49	6	0.709050
49	7	0.139080
49	8	0.000560

