0	3	0.012200
0	4	0.107600
0	5	0.271000
0	6	0.295800
0	7	0.188900
0	8	0.086300
0	9	0.029200
0	10	0.007400
0	11	0.001300
0	12	0.000300

1	3	0.002100
1	4	0.061400
1	5	0.280400
1	6	0.374000
1	7	0.205600
1	8	0.063800
1	9	0.011300
1	10	0.001400

2	3	0.000600
2	4	0.043800
2	5	0.270000
2	6	0.422100
2	7	0.211100
2	8	0.046800
2	9	0.004900
2	10	0.000700

3	3	0.000200
3	4	0.032500
3	5	0.262500
3	6	0.455600
3	7	0.210900
3	8	0.035100
3	9	0.002800
3	10	0.000400

4	4	0.027500
4	5	0.258600
4	6	0.472300
4	7	0.208400
4	8	0.031200
4	9	0.002000

5	4	0.021700
5	5	0.255800
5	6	0.490500
5	7	0.202800
5	8	0.028200
5	9	0.001000

6	4	0.017600
6	5	0.253900
6	6	0.502800
6	7	0.200200
6	8	0.024900
6	9	0.000600

7	4	0.015200
7	5	0.249400
7	6	0.515500
7	7	0.197700
7	8	0.021700
7	9	0.000500

8	4	0.012300
8	5	0.245600
8	6	0.528300
8	7	0.195200
8	8	0.018100
8	9	0.000500

9	4	0.011100
9	5	0.240600
9	6	0.539300
9	7	0.192600
9	8	0.016300
9	9	0.000100

10	4	0.010000
10	5	0.238700
10	6	0.544600
10	7	0.192300
10	8	0.014200
10	9	0.000200

11	4	0.009000
11	5	0.236800
11	6	0.550000
11	7	0.191200
11	8	0.012800
11	9	0.000200

12	4	0.007700
12	5	0.233100
12	6	0.558500
12	7	0.190300
12	8	0.010300
12	9	0.000100

13	4	0.007200
13	5	0.229700
13	6	0.566000
13	7	0.187500
13	8	0.009500
13	9	0.000100

14	4	0.006700
14	5	0.226700
14	6	0.572100
14	7	0.186200
14	8	0.008300

15	4	0.006300
15	5	0.223200
15	6	0.579800
15	7	0.182900
15	8	0.007800

16	4	0.005800
16	5	0.220400
16	6	0.586100
16	7	0.180700
16	8	0.007000

17	4	0.005600
17	5	0.218500
17	6	0.589900
17	7	0.179600
17	8	0.006400

18	4	0.005300
18	5	0.215900
18	6	0.595100
18	7	0.178200
18	8	0.005500

19	4	0.004700
19	5	0.215000
19	6	0.598300
19	7	0.176900
19	8	0.005100

20	4	0.004500
20	5	0.214600
20	6	0.599400
20	7	0.176700
20	8	0.004800

21	4	0.004300
21	5	0.212000
21	6	0.604800
21	7	0.174500
21	8	0.004400

22	4	0.003900
22	5	0.210500
22	6	0.609200
22	7	0.171800
22	8	0.004600

23	4	0.003900
23	5	0.206900
23	6	0.615400
23	7	0.170200
23	8	0.003600

24	4	0.003800
24	5	0.204000
24	6	0.621000
24	7	0.168100
24	8	0.003100

25	4	0.003800
25	5	0.201700
25	6	0.625400
25	7	0.166200
25	8	0.002900

26	4	0.003700
26	5	0.200800
26	6	0.627000
26	7	0.166100
26	8	0.002400

27	4	0.003800
27	5	0.198500
27	6	0.631200
27	7	0.164200
27	8	0.002300

28	4	0.003800
28	5	0.196200
28	6	0.635400
28	7	0.162700
28	8	0.001900

29	4	0.003800
29	5	0.193800
29	6	0.640100
29	7	0.160500
29	8	0.001800

30	4	0.003700
30	5	0.192300
30	6	0.643300
30	7	0.159000
30	8	0.001700

31	4	0.003600
31	5	0.191000
31	6	0.646100
31	7	0.157700
31	8	0.001600

32	4	0.003500
32	5	0.190000
32	6	0.648400
32	7	0.156500
32	8	0.001600

33	4	0.003500
33	5	0.187800
33	6	0.652800
33	7	0.154300
33	8	0.001600

34	4	0.003200
34	5	0.186500
34	6	0.656100
34	7	0.152800
34	8	0.001400

35	4	0.003200
35	5	0.186200
35	6	0.656700
35	7	0.152500
35	8	0.001400

36	4	0.003300
36	5	0.184900
36	6	0.659000
36	7	0.151500
36	8	0.001300

37	4	0.003400
37	5	0.183800
37	6	0.660900
37	7	0.150700
37	8	0.001200

38	4	0.003200
38	5	0.182500
38	6	0.664100
38	7	0.149000
38	8	0.001200

39	4	0.003200
39	5	0.180700
39	6	0.667600
39	7	0.147400
39	8	0.001100

40	4	0.003100
40	5	0.179200
40	6	0.670900
40	7	0.145700
40	8	0.001100

41	4	0.003100
41	5	0.178200
41	6	0.672800
41	7	0.144900
41	8	0.001000

42	4	0.003200
42	5	0.175800
42	6	0.677300
42	7	0.142700
42	8	0.001000

43	4	0.003100
43	5	0.174900
43	6	0.679300
43	7	0.141800
43	8	0.000900

44	4	0.002700
44	5	0.174500
44	6	0.681300
44	7	0.140600
44	8	0.000900

45	4	0.002700
45	5	0.173700
45	6	0.682900
45	7	0.139800
45	8	0.000900

46	4	0.002700
46	5	0.173200
46	6	0.683700
46	7	0.139700
46	8	0.000700

47	4	0.002700
47	5	0.172800
47	6	0.684500
47	7	0.139300
47	8	0.000700

48	4	0.002700
48	5	0.171000
48	6	0.688100
48	7	0.137500
48	8	0.000700

49	4	0.002800
49	5	0.170300
49	6	0.689300
49	7	0.136800
49	8	0.000800

