0	3	0.011378
0	4	0.106996
0	5	0.260326
0	6	0.294580
0	7	0.198251
0	8	0.089866
0	9	0.029604
0	10	0.007261
0	11	0.001440
0	12	0.000258
0	13	0.000036
0	14	0.000004

1	3	0.000981
1	4	0.058104
1	5	0.274449
1	6	0.370910
1	7	0.216281
1	8	0.065869
1	9	0.011841
1	10	0.001448
1	11	0.000110
1	12	0.000006
1	13	0.000001

2	3	0.000156
2	4	0.037007
2	5	0.269688
2	6	0.415753
2	7	0.220951
2	8	0.050231
2	9	0.005829
2	10	0.000372
2	11	0.000013

3	3	0.000031
3	4	0.026058
3	5	0.262775
3	6	0.446602
3	7	0.221170
3	8	0.040133
3	9	0.003107
3	10	0.000123
3	11	0.000001

4	3	0.000003
4	4	0.019326
4	5	0.256224
4	6	0.469737
4	7	0.220186
4	8	0.032649
4	9	0.001839
4	10	0.000036

5	3	0.000001
5	4	0.014974
5	5	0.249829
5	6	0.488861
5	7	0.217777
5	8	0.027436
5	9	0.001109
5	10	0.000013

6	3	0.000001
6	4	0.011819
6	5	0.243863
6	6	0.505221
6	7	0.215142
6	8	0.023271
6	9	0.000677
6	10	0.000006

7	3	0.000001
7	4	0.009502
7	5	0.238413
7	6	0.519303
7	7	0.212361
7	8	0.019973
7	9	0.000444
7	10	0.000003

8	4	0.007759
8	5	0.233264
8	6	0.531876
8	7	0.209504
8	8	0.017283
8	9	0.000313
8	10	0.000001

9	4	0.006420
9	5	0.228165
9	6	0.543663
9	7	0.206497
9	8	0.015033
9	9	0.000222

10	4	0.005386
10	5	0.223715
10	6	0.553747
10	7	0.203764
10	8	0.013222
10	9	0.000166

11	4	0.004633
11	5	0.219529
11	6	0.562770
11	7	0.201243
11	8	0.011706
11	9	0.000119

12	4	0.003942
12	5	0.215669
12	6	0.571247
12	7	0.198604
12	8	0.010456
12	9	0.000082

13	4	0.003367
13	5	0.211959
13	6	0.579264
13	7	0.195978
13	8	0.009378
13	9	0.000054

14	4	0.002947
14	5	0.208551
14	6	0.586379
14	7	0.193626
14	8	0.008459
14	9	0.000038

15	4	0.002564
15	5	0.205362
15	6	0.593040
15	7	0.191391
15	8	0.007616
15	9	0.000027

16	4	0.002238
16	5	0.202181
16	6	0.599634
16	7	0.189045
16	8	0.006888
16	9	0.000014

17	4	0.001992
17	5	0.199087
17	6	0.605912
17	7	0.186752
17	8	0.006250
17	9	0.000007

18	4	0.001797
18	5	0.196087
18	6	0.611887
18	7	0.184576
18	8	0.005648
18	9	0.000005

19	4	0.001576
19	5	0.193396
19	6	0.617437
19	7	0.182436
19	8	0.005150
19	9	0.000005

20	4	0.001414
20	5	0.190676
20	6	0.622884
20	7	0.180353
20	8	0.004668
20	9	0.000005

21	4	0.001262
21	5	0.188153
21	6	0.627995
21	7	0.178307
21	8	0.004281
21	9	0.000002

22	4	0.001151
22	5	0.185670
22	6	0.632944
22	7	0.176303
22	8	0.003932

23	4	0.001065
23	5	0.183393
23	6	0.637397
23	7	0.174574
23	8	0.003571

24	4	0.000982
24	5	0.181205
24	6	0.641716
24	7	0.172829
24	8	0.003268

25	4	0.000911
25	5	0.179125
25	6	0.645812
25	7	0.171159
25	8	0.002993

26	4	0.000851
26	5	0.177027
26	6	0.649951
26	7	0.169417
26	8	0.002754

27	4	0.000794
27	5	0.174966
27	6	0.654050
27	7	0.167629
27	8	0.002561

28	4	0.000735
28	5	0.173023
28	6	0.657935
28	7	0.165924
28	8	0.002383

29	4	0.000686
29	5	0.171187
29	6	0.661566
29	7	0.164364
29	8	0.002197

30	4	0.000650
30	5	0.169514
30	6	0.664853
30	7	0.162954
30	8	0.002029

31	4	0.000612
31	5	0.167768
31	6	0.668319
31	7	0.161415
31	8	0.001886

32	4	0.000583
32	5	0.166084
32	6	0.671661
32	7	0.159897
32	8	0.001775

33	4	0.000547
33	5	0.164532
33	6	0.674761
33	7	0.158495
33	8	0.001665

34	4	0.000522
34	5	0.162859
34	6	0.678066
34	7	0.157006
34	8	0.001547

35	4	0.000500
35	5	0.161371
35	6	0.680990
35	7	0.155708
35	8	0.001431

36	4	0.000483
36	5	0.159939
36	6	0.683831
36	7	0.154392
36	8	0.001355

37	4	0.000461
37	5	0.158516
37	6	0.686662
37	7	0.153087
37	8	0.001274

38	4	0.000439
38	5	0.157069
38	6	0.689526
38	7	0.151786
38	8	0.001180

39	4	0.000427
39	5	0.155799
39	6	0.692036
39	7	0.150625
39	8	0.001113

40	4	0.000413
40	5	0.154546
40	6	0.694512
40	7	0.149490
40	8	0.001039

41	4	0.000392
41	5	0.153377
41	6	0.696843
41	7	0.148412
41	8	0.000976

42	4	0.000380
42	5	0.152210
42	6	0.699143
42	7	0.147363
42	8	0.000904

43	4	0.000362
43	5	0.150982
43	6	0.701586
43	7	0.146231
43	8	0.000839

44	4	0.000347
44	5	0.149808
44	6	0.703938
44	7	0.145111
44	8	0.000796

45	4	0.000341
45	5	0.148672
45	6	0.706176
45	7	0.144065
45	8	0.000746

46	4	0.000333
46	5	0.147577
46	6	0.708349
46	7	0.143041
46	8	0.000700

47	4	0.000328
47	5	0.146434
47	6	0.710605
47	7	0.141974
47	8	0.000659

48	4	0.000325
48	5	0.145433
48	6	0.712590
48	7	0.141020
48	8	0.000632

49	4	0.000320
49	5	0.144428
49	6	0.714589
49	7	0.140057
49	8	0.000606

